45975
56657
50869
41018
-950135
48405
50079
49521
51012
48578
39591
49868
68080
51601
49794
58771
68914
60281
51634
57465
50837
40600
-940079
58679
41868
37959
47639
41734
39708
40002
39715
47894
41657
49856
39662
39734
39932
39728
39689
40114
49705
50012
49971
49800
58156
-948314
40989
48541
51054
48634
51190
48527
48028
41621
49848
49770
49810
51146
48529
51421
48351
67903
49808
60225
-949936
51150
57964
51599
57838
52995
58530
51042
47760
69673
50685
51058
48489
49789
49734
69135
59537
42584
55979
-948338
48960
40686
47879
60318
59322
42930
55748
42313
39922
47933
51757
68276
40919
68168
51866
49434
49998
49742
-950184
49636
51155
48503
39805
49099
50387
51140
37736
49847
49931
49702
56146
59697
43860
40869
38696
50169
39430
39785
50013
-950179
49738
50025
67896
61383
51252
66463
71012
50035
49900
57654
41650
39952
39755
49913
49968
49949
49486
39998
40051
-960000
55646
51879
51817
50057
70231
59402
58000
53007
62850
45376
39934
42788
45165
43562
65925
59588
51778
51173
-951205
39540
49831
57835
52894
56676
51705
49765
47732
51872
49800
49699
68000
41664
39770
47842
43029
40695
37665
39915
42058
38784
39862
46542
49773
56124
46551
40803
45552
41713
40578
49062
49787
67995
41713
51132
56460
59843
69835
61717
41165
-943300
59599
59830
76074
45363
67141
42436
49774
47944
53143
48245
50940
38581
49874
49869
39635
49864
49895
51348
-951677
51175
48443
49860
49831
51888
47750
49884
51099
49701
48583
39932
49741
49803
49688
49642
49984
49793
49841
49698
-948737
49024
49165
49762
67875
51635
49700
49829
49761
49812
49766
49772
49725
49907
49787
67876
51546
59955
65044
-940222
59952
43738
47813
41781
65929
59771
59814
43733
39729
39698
40159
39780
50086
39652
39837
39929
49558
50023
48690
-947324
39203
49704
48601
51016
48533
49800
51774
49849
47668
49882
49808
49709
49682
50600
48959
49774
49022
68685
51699
-950176
49760
51083
66553
53056
48780
49553
50005
39917
51166
48388
49819
50102
49746
49798
49707
51060
48533
49763
49774
-948994
50051
47479
49782
52000
47592
49793
49797
49815
49826
50006
50103
57569
41825
50069
56680
42994
50202
49646
49781
-950184
59614
59003
50649
49812
49694
39970
49832
57844
51887
49624
49777
39981
49652
51749
49293
48545
39784
49764
49857
-950207
51068
48492
49759
49736
49775
49895
49592
49721
49956
50157
50567
49754
66505
62094
57675
51789
50071
41188
-954102
41853
49875
50980
56551
51805
51801
47800
49760
49886
49869
51118
38303
51064
48428
50059
49769
49629
51065
49888
-933451
51798
49675
49806
51639
47835
48917
58641
41807
52201
47327
40934
46517
43089
38476
51636
49216
50443
47929
49988
57660
-956406
49275
48698
51074
40670
37677
66441
43379
41596
55625
42578
41008
50903
46770
49864
41608
39998
39521
47979
39685
41105
-951315
39736
58588
48022
41906
49855
49884
49610
49699
50054
49797
49624
49841
47865
42100
49479
40236
39642
66100
43765
51060
-951390
49796
49836
49780
51052
56510
51905
51127
46443
53627
48072
49781
50649
39017
39815
41927
47484
39749
39696
50041
49607
-949986
47747
41884
50954
38533
39964
50755
50905
48954
48791
49813
49730
51554
47934
51682
47835
51116
48337
51812
47953
-950264
41540
58953
41077
47403
39807
52024
37730
51028
50274
51455
46200
49938
51127
49780
46410
51788
50153
51565
49003
46480
-948873
42594
39452
48013
40890
56627
51563
49924
54551
45255
49695
67803
52913
48635
39919
49722
40952
42126
43599
41741
39763
-950184
47779
49752
49768
41832
39697
49746
49796
57857
41802
50139
49679
65802
43626
39819
49722
50091
39630
76038
59679
-956323
67772
41875
49851
49755
50372
49450
50001
50708
48832
39914
49819
39834
39906
49852
49733
51644
47981
59558
58994
-949238
49831
51617
55989
51649
68142
51621
49830
49616
49931
52430
46283
49775
74808
45013
49731
49678
49764
47768
-958188
49856
50080
49905
49663
49641
49802
49732
66280
43574
57760
42007
49759
49801
49827
39044
49689
49788
57813
41791
-960255
65925
43542
49963
49716
49798
49825
49761
49856
55873
51683
57751
43806
49822
49680
39893
57544
49904
41727
55988
-940277
43884
49706
49903
49816
50045
49509
65926
59908
59589
58722
44951
49743
49914
49797
39840
47515
49958
41899
47644
-950124
41842
49949
65730
43727
49686
50030
49708
50017
49743
49972
49714
49602
40854
56983
57570
43831
49834
65868
-956328
55944
32055
41503
66043
43323
49653
40462
49245
50096
49584
49703
49744
49766
94890
44746
55942
43658
49904
39929
-950242
39642
42786
46929
49931
49309
49596
50172
49759
65850
43903
49541
49761
49834
55819
43685
39794
49763
56236
59446
-956415
50218
57418
41747
66037
43841
49552
49630
49980
49860
49880
49784
50247
49666
56488
42582
40033
49778
49763
47699
-940941
42600
49876
49690
65958
43629
57946
41851
49873
49656
49832
58119
52081
49776
49678
38877
49762
49929
49969
49601
-950239
49823
49824
49628
50073
49635
65929
43697
49733
50148
49475
49697
40373
55761
43593
65564
43668
55824
43766
49711
-949896
49652
47779
42048
49625
49770
49824
49743
51896
47738
69069
50290
49705
55945
59783
43904
49821
49819
39792
50061
-944369
43745
65962
59853
43467
49692
49905
49907
49579
49979
49642
49685
39935
49767
50042
55740
44093
57358
42194
50073
-950140
55117
43437
49908
49781
49947
49872
49823
49778
39839
39582
49851
55985
43787
49817
50056
49493
49782
50031
49854
-934011
43757
51065
49765
49816
48441
49796
51225
49695
49719
48616
49836
50098
49641
49732
49865
49839
57959
51654
-942195
53097
53733
43804
55910
59703
59847
43859
49680
49521
39755
49871
49864
50194
47490
41753
64720
44750
65989
43526
-949982
65595
43664
49884
49835
57902
41722
55938
43667
49748
40123
49487
49839
49663
49748
65857
43757
57798
49710
-941946
59809
51957
41514
49803
47548
49952
41786
50053
49631
47835
57868
44516
38916
49784
39714
49849
56166
43499
49605
55868
-940148
43762
57734
41715
49709
50020
49562
39857
49838
55682
59828
59984
43447
65789
59939
51740
57828
44046
55708
-940161
43617
49764
49772
49753
39690
39833
39765
55894
43665
65832
51654
57931
43686
49910
49677
49858
49792
40058
49362
-950033
49719
49919
50046
49895
52065
47771
57795
52999
49867
48384
49730
49970
67921
51613
39011
65977
59767
43558
39766
-960176
39823
65767
43859
49862
49835
39637
49889
49837
49768
50001
49642
57765
76669
44920
55789
43896
50105
49498
-950235
49794
49764
49744
49866
49665
65866
43925
49888
49667
49985
49702
49857
49446
49859
50179
49753
49465
50604
49227
-949669
49530
49827
51025
48682
49684
49822
49723
51003
50817
47526
39796
49709
49819
49092
48399
51872
51136
50501
47659
-950290
49964
51037
47737
42991
46535
49905
49832
49785
49703
49840
49952
49970
49575
49594
49971
49718
49848
49921
49787
39496
-950178
50037
49451
50033
39849
50106
40117
39392
49142
77057
42655
55759
43772
65968
43774
65950
59747
43743
39954
39609
-944157
43701
39754
47753
41931
49733
50003
55778
43917
49832
49730
49622
49962
49424
49764
49986
49619
49927
57919
41587
-935108
44614
49747
47811
41733
49964
49708
49768
49749
39660
49887
47700
42013
49964
49492
49996
55803
43493
66083
43680
-950129
49699
49818
84645
44868
39734
39884
49664
49729
39935
49948
49797
49739
49767
49603
49965
49980
56852
42515
49981
-950391
49936
49549
49906
65853
43670
49972
49784
49574
58030
41424
50000
65711
43910
49785
50204
49570
49643
56243
51638
-939835
51537
49887
49764
67100
59526
42560
50971
48565
49055
47764
41969
49871
49935
55782
58703
44797
39812
49725
-950028
49818
49627
49781
47686
41882
39787
57834
49969
41579
57856
49830
41660
50031
49567
47781
86730
44742
50112
